//year,concentration
1850.00,2.00
1850.08,2.00
1850.17,2.00
1850.25,2.00
1850.33,2.00
1850.42,2.00
1850.50,2.00
1850.58,2.00
1850.67,2.00
1850.75,2.00
1850.83,2.00
1850.92,2.00
1851.00,2.00
1851.08,2.00
1851.17,2.00
1851.25,2.00
1851.33,2.00
1851.42,2.00
1851.50,2.00
1851.58,2.00
1851.67,2.00
1851.75,2.00
1851.83,2.00
1851.92,2.00
1852.00,2.00
1852.08,2.00
1852.17,2.00
1852.25,2.00
1852.33,2.00
1852.42,2.00
1852.50,2.00
1852.58,2.00
1852.67,2.00
1852.75,2.00
1852.83,2.00
1852.92,2.00
1853.00,2.00
1853.08,2.00
1853.17,2.00
1853.25,2.00
1853.33,2.00
1853.42,2.00
1853.50,2.00
1853.58,2.00
1853.67,2.00
1853.75,2.00
1853.83,2.00
1853.92,2.00
1854.00,2.00
1854.08,2.00
1854.17,2.00
1854.25,2.00
1854.33,2.00
1854.42,2.00
1854.50,2.00
1854.58,2.00
1854.67,2.00
1854.75,2.00
1854.83,2.00
1854.92,2.00
1855.00,2.00
1855.08,2.00
1855.17,2.00
1855.25,2.00
1855.33,2.00
1855.42,2.00
1855.50,2.00
1855.58,2.00
1855.67,2.00
1855.75,2.00
1855.83,2.00
1855.92,2.00
1856.00,2.00
1856.08,2.00
1856.17,2.00
1856.25,2.00
1856.33,2.00
1856.42,2.00
1856.50,2.00
1856.58,2.00
1856.67,2.00
1856.75,2.00
1856.83,2.00
1856.92,2.00
1857.00,2.00
1857.08,2.00
1857.17,2.00
1857.25,2.00
1857.33,2.00
1857.42,2.00
1857.50,2.00
1857.58,2.00
1857.67,2.00
1857.75,2.00
1857.83,2.00
1857.92,2.00
1858.00,2.00
1858.08,2.00
1858.17,2.00
1858.25,2.00
1858.33,2.00
1858.42,2.00
1858.50,2.00
1858.58,2.00
1858.67,2.00
1858.75,2.00
1858.83,2.00
1858.92,2.00
1859.00,2.00
1859.08,2.00
1859.17,2.00
1859.25,2.00
1859.33,2.00
1859.42,2.00
1859.50,2.00
1859.58,2.00
1859.67,2.00
1859.75,2.00
1859.83,2.00
1859.92,2.00
1860.00,2.00
1860.08,2.00
1860.17,2.00
1860.25,2.00
1860.33,2.00
1860.42,2.00
1860.50,2.00
1860.58,2.00
1860.67,2.00
1860.75,2.00
1860.83,2.00
1860.92,2.00
1861.00,2.00
1861.08,2.00
1861.17,2.00
1861.25,2.00
1861.33,2.00
1861.42,2.00
1861.50,2.00
1861.58,2.00
1861.67,2.00
1861.75,2.00
1861.83,2.00
1861.92,2.00
1862.00,2.00
1862.08,2.00
1862.17,2.00
1862.25,2.00
1862.33,2.00
1862.42,2.00
1862.50,2.00
1862.58,2.00
1862.67,2.00
1862.75,2.00
1862.83,2.00
1862.92,2.00
1863.00,2.00
1863.08,2.00
1863.17,2.00
1863.25,2.00
1863.33,2.00
1863.42,2.00
1863.50,2.00
1863.58,2.00
1863.67,2.00
1863.75,2.00
1863.83,2.00
1863.92,2.00
1864.00,2.00
1864.08,2.00
1864.17,2.00
1864.25,2.00
1864.33,2.00
1864.42,2.00
1864.50,2.00
1864.58,2.00
1864.67,2.00
1864.75,2.00
1864.83,2.00
1864.92,2.00
1865.00,2.00
1865.08,2.00
1865.17,2.00
1865.25,2.00
1865.33,2.00
1865.42,2.00
1865.50,2.00
1865.58,2.00
1865.67,2.00
1865.75,2.00
1865.83,2.00
1865.92,2.00
1866.00,2.00
1866.08,2.00
1866.17,2.00
1866.25,2.00
1866.33,2.00
1866.42,2.00
1866.50,2.00
1866.58,2.00
1866.67,2.00
1866.75,2.00
1866.83,2.00
1866.92,2.00
1867.00,2.00
1867.08,2.00
1867.17,2.00
1867.25,2.00
1867.33,2.00
1867.42,2.00
1867.50,2.00
1867.58,2.00
1867.67,2.00
1867.75,2.00
1867.83,2.00
1867.92,2.00
1868.00,2.00
1868.08,2.00
1868.17,2.00
1868.25,2.00
1868.33,2.00
1868.42,2.00
1868.50,2.00
1868.58,2.00
1868.67,2.00
1868.75,2.00
1868.83,2.00
1868.92,2.00
1869.00,2.00
1869.08,2.00
1869.17,2.00
1869.25,2.00
1869.33,2.00
1869.42,2.00
1869.50,2.00
1869.58,2.00
1869.67,2.00
1869.75,2.00
1869.83,2.00
1869.92,2.00
1870.00,2.00
1870.08,2.00
1870.17,2.00
1870.25,2.00
1870.33,2.00
1870.42,2.00
1870.50,2.00
1870.58,2.00
1870.67,2.00
1870.75,2.00
1870.83,2.00
1870.92,2.00
1871.00,2.00
1871.08,2.00
1871.17,2.00
1871.25,2.00
1871.33,2.00
1871.42,2.00
1871.50,2.00
1871.58,2.00
1871.67,2.00
1871.75,2.00
1871.83,2.00
1871.92,2.00
1872.00,2.00
1872.08,2.00
1872.17,2.00
1872.25,2.00
1872.33,2.00
1872.42,2.00
1872.50,2.00
1872.58,2.00
1872.67,2.00
1872.75,2.00
1872.83,2.00
1872.92,2.00
1873.00,2.00
1873.08,2.00
1873.17,2.00
1873.25,2.00
1873.33,2.00
1873.42,2.00
1873.50,2.00
1873.58,2.00
1873.67,2.00
1873.75,2.00
1873.83,2.00
1873.92,2.00
1874.00,2.00
1874.08,2.00
1874.17,2.00
1874.25,2.00
1874.33,2.00
1874.42,2.00
1874.50,2.00
1874.58,2.00
1874.67,2.00
1874.75,2.00
1874.83,2.00
1874.92,2.00
1875.00,2.00
1875.08,2.00
1875.17,2.00
1875.25,2.00
1875.33,2.00
1875.42,2.00
1875.50,2.00
1875.58,2.00
1875.67,2.00
1875.75,2.00
1875.83,2.00
1875.92,2.00
1876.00,2.00
1876.08,2.00
1876.17,2.00
1876.25,2.00
1876.33,2.00
1876.42,2.00
1876.50,2.00
1876.58,2.00
1876.67,2.00
1876.75,2.00
1876.83,2.00
1876.92,2.00
1877.00,2.00
1877.08,2.00
1877.17,2.00
1877.25,2.00
1877.33,2.00
1877.42,2.00
1877.50,2.00
1877.58,2.00
1877.67,2.00
1877.75,2.00
1877.83,2.00
1877.92,2.00
1878.00,2.00
1878.08,2.00
1878.17,2.00
1878.25,2.00
1878.33,2.00
1878.42,2.00
1878.50,2.00
1878.58,2.00
1878.67,2.00
1878.75,2.00
1878.83,2.00
1878.92,2.00
1879.00,2.00
1879.08,2.00
1879.17,2.00
1879.25,2.00
1879.33,2.00
1879.42,2.00
1879.50,2.00
1879.58,2.00
1879.67,2.00
1879.75,2.00
1879.83,2.00
1879.92,2.00
1880.00,2.00
1880.08,2.00
1880.17,2.00
1880.25,2.00
1880.33,2.00
1880.42,2.00
1880.50,2.00
1880.58,2.00
1880.67,2.00
1880.75,2.00
1880.83,2.00
1880.92,2.00
1881.00,2.00
1881.08,2.00
1881.17,2.00
1881.25,2.00
1881.33,2.00
1881.42,2.00
1881.50,2.00
1881.58,2.00
1881.67,2.00
1881.75,2.00
1881.83,2.00
1881.92,2.00
1882.00,2.00
1882.08,2.00
1882.17,2.00
1882.25,2.00
1882.33,2.00
1882.42,2.00
1882.50,2.00
1882.58,2.00
1882.67,2.00
1882.75,2.00
1882.83,2.00
1882.92,2.00
1883.00,2.00
1883.08,2.00
1883.17,2.00
1883.25,2.00
1883.33,2.00
1883.42,2.00
1883.50,2.00
1883.58,2.00
1883.67,2.00
1883.75,2.00
1883.83,2.00
1883.92,2.00
1884.00,2.00
1884.08,2.00
1884.17,2.00
1884.25,2.00
1884.33,2.00
1884.42,2.00
1884.50,2.00
1884.58,2.00
1884.67,2.00
1884.75,2.00
1884.83,2.00
1884.92,2.00
1885.00,2.00
1885.08,2.00
1885.17,2.00
1885.25,2.00
1885.33,2.00
1885.42,2.00
1885.50,2.00
1885.58,2.00
1885.67,2.00
1885.75,2.00
1885.83,2.00
1885.92,2.00
1886.00,2.00
1886.08,2.00
1886.17,2.00
1886.25,2.00
1886.33,2.00
1886.42,2.00
1886.50,2.00
1886.58,2.00
1886.67,2.00
1886.75,2.00
1886.83,2.00
1886.92,2.00
1887.00,2.00
1887.08,2.00
1887.17,2.00
1887.25,2.00
1887.33,2.00
1887.42,2.00
1887.50,2.00
1887.58,2.00
1887.67,2.00
1887.75,2.00
1887.83,2.00
1887.92,2.00
1888.00,2.00
1888.08,2.00
1888.17,2.00
1888.25,2.00
1888.33,2.00
1888.42,2.00
1888.50,2.00
1888.58,2.00
1888.67,2.00
1888.75,2.00
1888.83,2.00
1888.92,2.00
1889.00,2.00
1889.08,2.00
1889.17,2.00
1889.25,2.00
1889.33,2.00
1889.42,2.00
1889.50,2.00
1889.58,2.00
1889.67,2.00
1889.75,2.00
1889.83,2.00
1889.92,2.00
1890.00,2.00
1890.08,2.00
1890.17,2.00
1890.25,2.00
1890.33,2.00
1890.42,2.00
1890.50,2.00
1890.58,2.00
1890.67,2.00
1890.75,2.00
1890.83,2.00
1890.92,2.00
1891.00,2.00
1891.08,2.00
1891.17,2.00
1891.25,2.00
1891.33,2.00
1891.42,2.00
1891.50,2.00
1891.58,2.00
1891.67,2.00
1891.75,2.00
1891.83,2.00
1891.92,2.00
1892.00,2.00
1892.08,2.00
1892.17,2.00
1892.25,2.00
1892.33,2.00
1892.42,2.00
1892.50,2.00
1892.58,2.00
1892.67,2.00
1892.75,2.00
1892.83,2.00
1892.92,2.00
1893.00,2.00
1893.08,2.00
1893.17,2.00
1893.25,2.00
1893.33,2.00
1893.42,2.00
1893.50,2.00
1893.58,2.00
1893.67,2.00
1893.75,2.00
1893.83,2.00
1893.92,2.00
1894.00,2.00
1894.08,2.00
1894.17,2.00
1894.25,2.00
1894.33,2.00
1894.42,2.00
1894.50,2.00
1894.58,2.00
1894.67,2.00
1894.75,2.00
1894.83,2.00
1894.92,2.00
1895.00,2.00
1895.08,2.00
1895.17,2.00
1895.25,2.00
1895.33,2.00
1895.42,2.00
1895.50,2.00
1895.58,2.00
1895.67,2.00
1895.75,2.00
1895.83,2.00
1895.92,2.00
1896.00,2.00
1896.08,2.00
1896.17,2.00
1896.25,2.00
1896.33,2.00
1896.42,2.00
1896.50,2.00
1896.58,2.00
1896.67,2.00
1896.75,2.00
1896.83,2.00
1896.92,2.00
1897.00,2.00
1897.08,2.00
1897.17,2.00
1897.25,2.00
1897.33,2.00
1897.42,2.00
1897.50,2.00
1897.58,2.00
1897.67,2.00
1897.75,2.00
1897.83,2.00
1897.92,2.00
1898.00,2.00
1898.08,2.00
1898.17,2.00
1898.25,2.00
1898.33,2.00
1898.42,2.00
1898.50,2.00
1898.58,2.00
1898.67,2.00
1898.75,2.00
1898.83,2.00
1898.92,2.00
1899.00,2.00
1899.08,2.00
1899.17,2.00
1899.25,2.00
1899.33,2.00
1899.42,2.00
1899.50,2.00
1899.58,2.00
1899.67,2.00
1899.75,2.00
1899.83,2.00
1899.92,2.00
1900.00,2.00
1900.08,2.00
1900.17,2.00
1900.25,2.00
1900.33,2.00
1900.42,2.00
1900.50,2.00
1900.58,2.00
1900.67,2.00
1900.75,2.00
1900.83,2.00
1900.92,2.00
1901.00,2.00
1901.08,2.00
1901.17,2.00
1901.25,2.00
1901.33,2.00
1901.42,2.00
1901.50,2.00
1901.58,2.00
1901.67,2.00
1901.75,2.00
1901.83,2.00
1901.92,2.00
1902.00,2.00
1902.08,2.00
1902.17,2.00
1902.25,2.00
1902.33,2.00
1902.42,2.00
1902.50,2.00
1902.58,2.00
1902.67,2.00
1902.75,2.00
1902.83,2.00
1902.92,2.00
1903.00,2.00
1903.08,2.00
1903.17,2.00
1903.25,2.00
1903.33,2.00
1903.42,2.00
1903.50,2.00
1903.58,2.00
1903.67,2.00
1903.75,2.00
1903.83,2.00
1903.92,2.00
1904.00,2.00
1904.08,2.00
1904.17,2.00
1904.25,2.00
1904.33,2.00
1904.42,2.00
1904.50,2.00
1904.58,2.00
1904.67,2.00
1904.75,2.00
1904.83,2.00
1904.92,2.00
1905.00,2.00
1905.08,2.00
1905.17,2.00
1905.25,2.00
1905.33,2.00
1905.42,2.00
1905.50,2.00
1905.58,2.00
1905.67,2.00
1905.75,2.00
1905.83,2.00
1905.92,2.00
1906.00,2.00
1906.08,2.00
1906.17,2.00
1906.25,2.00
1906.33,2.00
1906.42,2.00
1906.50,2.00
1906.58,2.00
1906.67,2.00
1906.75,2.00
1906.83,2.00
1906.92,2.00
1907.00,2.00
1907.08,2.00
1907.17,2.00
1907.25,2.00
1907.33,2.00
1907.42,2.00
1907.50,2.00
1907.58,2.00
1907.67,2.00
1907.75,2.00
1907.83,2.00
1907.92,2.00
1908.00,2.00
1908.08,2.00
1908.17,2.00
1908.25,2.00
1908.33,2.00
1908.42,2.00
1908.50,2.00
1908.58,2.00
1908.67,2.00
1908.75,2.00
1908.83,2.00
1908.92,2.00
1909.00,2.00
1909.08,2.00
1909.17,2.00
1909.25,2.00
1909.33,2.00
1909.42,2.00
1909.50,2.00
1909.58,2.00
1909.67,2.00
1909.75,2.00
1909.83,2.00
1909.92,2.00
1910.00,2.00
1910.08,2.00
1910.17,2.00
1910.25,2.00
1910.33,2.00
1910.42,2.00
1910.50,2.00
1910.58,2.00
1910.67,2.00
1910.75,2.00
1910.83,2.00
1910.92,2.00
1911.00,2.00
1911.08,2.00
1911.17,2.00
1911.25,2.00
1911.33,2.00
1911.42,2.00
1911.50,2.00
1911.58,2.00
1911.67,2.00
1911.75,2.00
1911.83,2.00
1911.92,2.00
1912.00,2.00
1912.08,2.00
1912.17,2.00
1912.25,2.00
1912.33,2.00
1912.42,2.00
1912.50,2.00
1912.58,2.00
1912.67,2.00
1912.75,2.00
1912.83,2.00
1912.92,2.00
1913.00,2.00
1913.08,2.00
1913.17,2.00
1913.25,2.00
1913.33,2.00
1913.42,2.00
1913.50,2.00
1913.58,2.00
1913.67,2.00
1913.75,2.00
1913.83,2.00
1913.92,2.00
1914.00,2.00
1914.08,2.00
1914.17,2.00
1914.25,2.00
1914.33,2.00
1914.42,2.00
1914.50,2.00
1914.58,2.00
1914.67,2.00
1914.75,2.00
1914.83,2.00
1914.92,2.00
1915.00,2.00
1915.08,2.00
1915.17,2.00
1915.25,2.00
1915.33,2.00
1915.42,2.00
1915.50,2.00
1915.58,2.00
1915.67,2.00
1915.75,2.00
1915.83,2.00
1915.92,2.00
1916.00,2.00
1916.08,2.00
1916.17,2.00
1916.25,2.00
1916.33,2.00
1916.42,2.00
1916.50,2.00
1916.58,2.00
1916.67,2.00
1916.75,2.00
1916.83,2.00
1916.92,2.00
1917.00,2.00
1917.08,2.00
1917.17,2.00
1917.25,2.00
1917.33,2.00
1917.42,2.00
1917.50,2.00
1917.58,2.00
1917.67,2.00
1917.75,2.00
1917.83,2.00
1917.92,2.00
1918.00,2.00
1918.08,2.00
1918.17,2.00
1918.25,2.00
1918.33,2.00
1918.42,2.00
1918.50,2.00
1918.58,2.00
1918.67,2.00
1918.75,2.00
1918.83,2.00
1918.92,2.00
1919.00,2.00
1919.08,2.00
1919.17,2.00
1919.25,2.00
1919.33,2.00
1919.42,2.00
1919.50,2.00
1919.58,2.00
1919.67,2.00
1919.75,2.00
1919.83,2.00
1919.92,2.00
1920.00,2.00
1920.08,2.00
1920.17,2.00
1920.25,2.00
1920.33,2.00
1920.42,2.00
1920.50,2.00
1920.58,2.00
1920.67,2.00
1920.75,2.00
1920.83,2.00
1920.92,2.00
1921.00,2.00
1921.08,2.00
1921.17,2.00
1921.25,2.00
1921.33,2.00
1921.42,2.00
1921.50,2.00
1921.58,2.00
1921.67,2.00
1921.75,2.00
1921.83,2.00
1921.92,2.00
1922.00,2.00
1922.08,2.00
1922.17,2.00
1922.25,2.00
1922.33,2.00
1922.42,2.00
1922.50,2.00
1922.58,2.00
1922.67,2.00
1922.75,2.00
1922.83,2.00
1922.92,2.00
1923.00,2.00
1923.08,2.00
1923.17,2.00
1923.25,2.00
1923.33,2.00
1923.42,2.00
1923.50,2.00
1923.58,2.00
1923.67,2.00
1923.75,2.00
1923.83,2.00
1923.92,2.00
1924.00,2.00
1924.08,2.00
1924.17,2.00
1924.25,2.00
1924.33,2.00
1924.42,2.00
1924.50,2.00
1924.58,2.00
1924.67,2.00
1924.75,2.00
1924.83,2.00
1924.92,2.00
1925.00,2.00
1925.08,2.00
1925.17,2.00
1925.25,2.00
1925.33,2.00
1925.42,2.00
1925.50,2.00
1925.58,2.00
1925.67,2.00
1925.75,2.00
1925.83,2.00
1925.92,2.00
1926.00,2.00
1926.08,2.00
1926.17,2.00
1926.25,2.00
1926.33,2.00
1926.42,2.00
1926.50,2.00
1926.58,2.00
1926.67,2.00
1926.75,2.00
1926.83,2.00
1926.92,2.00
1927.00,2.00
1927.08,2.00
1927.17,2.00
1927.25,2.00
1927.33,2.00
1927.42,2.00
1927.50,2.00
1927.58,2.00
1927.67,2.00
1927.75,2.00
1927.83,2.00
1927.92,2.00
1928.00,2.00
1928.08,2.00
1928.17,2.00
1928.25,2.00
1928.33,2.00
1928.42,2.00
1928.50,2.00
1928.58,2.00
1928.67,2.00
1928.75,2.00
1928.83,2.00
1928.92,2.00
1929.00,2.00
1929.08,2.00
1929.17,2.00
1929.25,2.00
1929.33,2.00
1929.42,2.00
1929.50,2.00
1929.58,2.00
1929.67,2.00
1929.75,2.00
1929.83,2.00
1929.92,2.00
1930.00,2.00
1930.08,2.00
1930.17,2.00
1930.25,2.00
1930.33,2.00
1930.42,2.00
1930.50,2.00
1930.58,2.00
1930.67,2.00
1930.75,2.00
1930.83,2.00
1930.92,2.00
1931.00,2.00
1931.08,2.00
1931.17,2.00
1931.25,2.00
1931.33,2.00
1931.42,2.00
1931.50,2.00
1931.58,2.00
1931.67,2.00
1931.75,2.00
1931.83,2.00
1931.92,2.00
1932.00,2.00
1932.08,2.00
1932.17,2.00
1932.25,2.00
1932.33,2.00
1932.42,2.00
1932.50,2.00
1932.58,2.00
1932.67,2.00
1932.75,2.00
1932.83,2.00
1932.92,2.00
1933.00,2.00
1933.08,2.00
1933.17,2.00
1933.25,2.00
1933.33,2.00
1933.42,2.00
1933.50,2.00
1933.58,2.00
1933.67,2.00
1933.75,2.00
1933.83,2.00
1933.92,2.00
1934.00,2.00
1934.08,2.00
1934.17,2.00
1934.25,2.00
1934.33,2.00
1934.42,2.00
1934.50,2.00
1934.58,2.00
1934.67,2.00
1934.75,2.00
1934.83,2.00
1934.92,2.00
1935.00,2.00
1935.08,2.00
1935.17,2.00
1935.25,2.00
1935.33,2.00
1935.42,2.00
1935.50,2.00
1935.58,2.00
1935.67,2.00
1935.75,2.00
1935.83,2.00
1935.92,2.00
1936.00,2.00
1936.08,2.00
1936.17,2.00
1936.25,2.00
1936.33,2.00
1936.42,2.00
1936.50,2.00
1936.58,2.00
1936.67,2.00
1936.75,2.00
1936.83,2.00
1936.92,2.00
1937.00,2.00
1937.08,2.00
1937.17,2.00
1937.25,2.00
1937.33,2.00
1937.42,2.00
1937.50,2.00
1937.58,2.00
1937.67,2.00
1937.75,2.00
1937.83,2.00
1937.92,2.00
1938.00,2.00
1938.08,2.00
1938.17,2.00
1938.25,2.00
1938.33,2.00
1938.42,2.00
1938.50,2.00
1938.58,2.00
1938.67,2.00
1938.75,2.00
1938.83,2.00
1938.92,2.00
1939.00,2.00
1939.08,2.00
1939.17,2.00
1939.25,2.00
1939.33,2.00
1939.42,2.00
1939.50,2.00
1939.58,2.00
1939.67,2.00
1939.75,2.00
1939.83,2.00
1939.92,2.00
1940.00,2.00
1940.08,2.00
1940.17,2.00
1940.25,2.00
1940.33,2.00
1940.42,2.00
1940.50,2.00
1940.58,2.00
1940.67,2.00
1940.75,2.00
1940.83,2.00
1940.92,2.00
1941.00,2.00
1941.08,2.00
1941.17,2.00
1941.25,2.00
1941.33,2.00
1941.42,2.00
1941.50,2.00
1941.58,2.00
1941.67,2.00
1941.75,2.00
1941.83,2.00
1941.92,2.00
1942.00,2.00
1942.08,2.00
1942.17,2.00
1942.25,2.00
1942.33,2.00
1942.42,2.00
1942.50,2.00
1942.58,2.00
1942.67,2.00
1942.75,2.00
1942.83,2.00
1942.92,2.00
1943.00,2.00
1943.08,2.00
1943.17,2.00
1943.25,2.00
1943.33,2.00
1943.42,2.00
1943.50,2.00
1943.58,2.00
1943.67,2.00
1943.75,2.00
1943.83,2.00
1943.92,2.00
1944.00,2.00
1944.08,2.00
1944.17,2.00
1944.25,2.00
1944.33,2.00
1944.42,2.00
1944.50,2.00
1944.58,2.00
1944.67,2.00
1944.75,2.00
1944.83,2.00
1944.92,2.00
1945.00,2.85
1945.08,2.85
1945.17,2.85
1945.25,2.85
1945.33,2.85
1945.42,2.85
1945.50,3.41
1945.58,3.41
1945.67,3.41
1945.75,3.41
1945.83,3.41
1945.92,3.41
1946.00,3.97
1946.08,3.97
1946.17,3.97
1946.25,3.97
1946.33,3.97
1946.42,3.97
1946.50,4.27
1946.58,4.27
1946.67,4.27
1946.75,4.27
1946.83,4.27
1946.92,4.27
1947.00,4.57
1947.08,4.57
1947.17,4.57
1947.25,4.57
1947.33,4.57
1947.42,4.57
1947.50,4.40
1947.58,4.40
1947.67,4.40
1947.75,4.40
1947.83,4.40
1947.92,4.40
1948.00,4.24
1948.08,4.24
1948.17,4.24
1948.25,4.24
1948.33,4.24
1948.42,4.24
1948.50,4.02
1948.58,4.02
1948.67,4.02
1948.75,4.02
1948.83,4.02
1948.92,4.02
1949.00,3.79
1949.08,3.79
1949.17,3.79
1949.25,3.79
1949.33,3.79
1949.42,3.79
1949.50,4.26
1949.58,4.26
1949.67,4.26
1949.75,4.26
1949.83,4.26
1949.92,4.26
1950.00,4.74
1950.08,4.74
1950.17,4.74
1950.25,4.74
1950.33,4.74
1950.42,4.74
1950.50,5.10
1950.58,5.10
1950.67,5.10
1950.75,5.10
1950.83,5.10
1950.92,5.10
1951.00,5.46
1951.08,5.46
1951.17,5.46
1951.25,5.46
1951.33,5.46
1951.42,5.46
1951.50,5.62
1951.58,5.62
1951.67,5.62
1951.75,5.62
1951.83,5.62
1951.92,5.62
1952.00,5.78
1952.08,5.78
1952.17,5.78
1952.25,5.78
1952.33,5.78
1952.42,5.78
1952.50,5.83
1952.58,5.83
1952.67,5.83
1952.75,5.83
1952.83,5.83
1952.92,5.83
1953.00,5.88
1953.08,5.88
1953.17,5.88
1953.25,5.88
1953.33,5.88
1953.42,5.88
1953.50,6.22
1953.58,6.22
1953.67,6.22
1953.75,6.22
1953.83,6.22
1953.92,6.22
1954.00,6.55
1954.08,6.55
1954.17,6.55
1954.25,6.55
1954.33,6.55
1954.42,6.55
1954.50,7.12
1954.58,7.12
1954.67,7.12
1954.75,7.12
1954.83,7.12
1954.92,7.12
1955.00,7.69
1955.08,7.69
1955.17,7.69
1955.25,7.69
1955.33,7.69
1955.42,7.69
1955.50,8.00
1955.58,8.00
1955.67,8.00
1955.75,8.00
1955.83,8.00
1955.92,8.00
1956.00,8.32
1956.08,8.32
1956.17,8.32
1956.25,8.32
1956.33,8.32
1956.42,8.32
1956.50,8.64
1956.58,8.64
1956.67,8.64
1956.75,8.64
1956.83,8.64
1956.92,8.64
1957.00,8.96
1957.08,8.96
1957.17,8.96
1957.25,8.96
1957.33,8.96
1957.42,8.96
1957.50,9.06
1957.58,9.06
1957.67,9.06
1957.75,9.06
1957.83,9.06
1957.92,9.06
1958.00,9.17
1958.08,9.17
1958.17,9.17
1958.25,9.17
1958.33,9.17
1958.42,9.17
1958.50,9.61
1958.58,9.61
1958.67,9.61
1958.75,9.61
1958.83,9.61
1958.92,9.61
1959.00,10.06
1959.08,10.06
1959.17,10.06
1959.25,10.06
1959.33,10.06
1959.42,10.06
1959.50,10.02
1959.58,10.02
1959.67,10.02
1959.75,10.02
1959.83,10.02
1959.92,10.02
1960.00,9.98
1960.08,9.98
1960.17,9.98
1960.25,9.98
1960.33,9.98
1960.42,9.98
1960.50,10.16
1960.58,10.16
1960.67,10.16
1960.75,10.16
1960.83,10.16
1960.92,10.16
1961.00,10.35
1961.08,10.35
1961.17,10.35
1961.25,10.35
1961.33,10.35
1961.42,10.35
1961.50,10.40
1961.58,10.40
1961.67,10.40
1961.75,10.40
1961.83,10.40
1961.92,10.40
1962.00,10.44
1962.08,10.44
1962.17,10.44
1962.25,10.44
1962.33,10.44
1962.42,10.44
1962.50,10.79
1962.58,10.79
1962.67,10.79
1962.75,10.79
1962.83,10.79
1962.92,10.79
1963.00,11.13
1963.08,11.13
1963.17,11.13
1963.25,11.13
1963.33,11.13
1963.42,11.13
1963.50,11.60
1963.58,11.60
1963.67,11.60
1963.75,11.60
1963.83,11.60
1963.92,11.60
1964.00,12.06
1964.08,12.06
1964.17,12.06
1964.25,12.06
1964.33,12.06
1964.42,12.06
1964.50,12.22
1964.58,12.22
1964.67,12.22
1964.75,12.22
1964.83,12.22
1964.92,12.22
1965.00,12.38
1965.08,12.38
1965.17,12.38
1965.25,12.38
1965.33,12.38
1965.42,12.38
1965.50,12.25
1965.58,12.25
1965.67,12.25
1965.75,12.25
1965.83,12.25
1965.92,12.25
1966.00,12.12
1966.08,12.12
1966.17,12.12
1966.25,12.12
1966.33,12.12
1966.42,12.12
1966.50,12.44
1966.58,12.44
1966.67,12.44
1966.75,12.44
1966.83,12.44
1966.92,12.44
1967.00,12.75
1967.08,12.75
1967.17,12.75
1967.25,12.75
1967.33,12.75
1967.42,12.75
1967.50,12.95
1967.58,12.95
1967.67,12.95
1967.75,12.95
1967.83,12.95
1967.92,12.95
1968.00,13.15
1968.08,13.15
1968.17,13.15
1968.25,13.15
1968.33,13.15
1968.42,13.15
1968.50,12.68
1968.58,12.68
1968.67,12.68
1968.75,12.68
1968.83,12.68
1968.92,12.68
1969.00,12.21
1969.08,12.21
1969.17,12.21
1969.25,12.21
1969.33,12.21
1969.42,12.21
1969.50,12.49
1969.58,12.49
1969.67,12.49
1969.75,12.49
1969.83,12.49
1969.92,12.49
1970.00,12.77
1970.08,12.77
1970.17,12.77
1970.25,12.77
1970.33,12.77
1970.42,12.77
1970.50,12.70
1970.58,12.70
1970.67,12.70
1970.75,12.70
1970.83,12.70
1970.92,12.70
1971.00,12.62
1971.08,12.62
1971.17,12.62
1971.25,12.62
1971.33,12.62
1971.42,12.62
1971.50,13.14
1971.58,13.14
1971.67,13.14
1971.75,13.14
1971.83,13.14
1971.92,13.14
1972.00,13.65
1972.08,13.65
1972.17,13.65
1972.25,13.65
1972.33,13.65
1972.42,13.65
1972.50,13.69
1972.58,13.69
1972.67,13.69
1972.75,13.69
1972.83,13.69
1972.92,13.69
1973.00,13.73
1973.08,13.73
1973.17,13.73
1973.25,13.73
1973.33,13.73
1973.42,13.73
1973.50,14.49
1973.58,14.49
1973.67,14.49
1973.75,14.49
1973.83,14.49
1973.92,14.49
1974.00,15.24
1974.08,15.24
1974.17,15.24
1974.25,15.24
1974.33,15.24
1974.42,15.24
1974.50,15.49
1974.58,15.49
1974.67,15.49
1974.75,15.49
1974.83,15.49
1974.92,15.49
1975.00,15.74
1975.08,15.74
1975.17,15.74
1975.25,15.74
1975.33,15.74
1975.42,15.74
1975.50,15.94
1975.58,15.94
1975.67,15.94
1975.75,15.94
1975.83,15.94
1975.92,15.94
1976.00,16.14
1976.08,16.14
1976.17,16.14
1976.25,16.14
1976.33,16.14
1976.42,16.14
1976.50,15.44
1976.58,15.44
1976.67,15.44
1976.75,15.44
1976.83,15.44
1976.92,15.44
1977.00,14.73
1977.08,14.73
1977.17,14.73
1977.25,14.73
1977.33,14.73
1977.42,14.73
1977.50,14.07
1977.58,14.07
1977.67,14.07
1977.75,14.07
1977.83,14.07
1977.92,14.07
1978.00,13.41
1978.08,13.41
1978.17,13.41
1978.25,13.41
1978.33,13.41
1978.42,13.41
1978.50,13.63
1978.58,13.63
1978.67,13.63
1978.75,13.63
1978.83,13.63
1978.92,13.63
1979.00,13.85
1979.08,13.85
1979.17,13.85
1979.25,13.85
1979.33,13.85
1979.42,13.85
1979.50,14.27
1979.58,14.27
1979.67,14.27
1979.75,14.27
1979.83,14.27
1979.92,14.27
1980.00,14.69
1980.08,14.69
1980.17,14.69
1980.25,14.69
1980.33,14.69
1980.42,14.69
1980.50,15.01
1980.58,15.01
1980.67,15.01
1980.75,15.01
1980.83,15.01
1980.92,15.01
1981.00,15.33
1981.08,15.33
1981.17,15.33
1981.25,15.33
1981.33,15.33
1981.42,15.33
1981.50,14.56
1981.58,14.56
1981.67,14.56
1981.75,14.56
1981.83,14.56
1981.92,14.56
1982.00,13.79
1982.08,13.79
1982.17,13.79
1982.25,13.79
1982.33,13.79
1982.42,13.79
1982.50,13.27
1982.58,13.27
1982.67,13.27
1982.75,13.27
1982.83,13.27
1982.92,13.27
1983.00,12.75
1983.08,12.75
1983.17,12.75
1983.25,12.75
1983.33,12.75
1983.42,12.75
1983.50,14.06
1983.58,14.06
1983.67,14.06
1983.75,14.06
1983.83,14.06
1983.92,14.06
1984.00,15.37
1984.08,15.37
1984.17,15.37
1984.25,15.37
1984.33,15.37
1984.42,15.37
1984.50,15.04
1984.58,15.04
1984.67,15.04
1984.75,15.04
1984.83,15.04
1984.92,15.04
1985.00,14.72
1985.08,14.72
1985.17,14.72
1985.25,14.72
1985.33,14.72
1985.42,14.72
1985.50,15.09
1985.58,15.09
1985.67,15.09
1985.75,15.09
1985.83,15.09
1985.92,15.09
1986.00,15.46
1986.08,15.46
1986.17,15.46
1986.25,15.46
1986.33,15.46
1986.42,15.46
1986.50,15.47
1986.58,15.47
1986.67,15.47
1986.75,15.47
1986.83,15.47
1986.92,15.47
1987.00,15.49
1987.08,15.49
1987.17,15.49
1987.25,15.49
1987.33,15.49
1987.42,15.49
1987.50,15.58
1987.58,15.58
1987.67,15.58
1987.75,15.58
1987.83,15.58
1987.92,15.58
1988.00,15.67
1988.08,15.67
1988.17,15.67
1988.25,15.67
1988.33,15.67
1988.42,15.67
1988.50,15.47
1988.58,15.47
1988.67,15.47
1988.75,15.47
1988.83,15.47
1988.92,15.47
1989.00,15.28
1989.08,15.28
1989.17,15.28
1989.25,15.28
1989.33,15.28
1989.42,15.28
1989.50,15.32
1989.58,15.32
1989.67,15.32
1989.75,15.32
1989.83,15.32
1989.92,15.32
1990.00,15.36
1990.08,15.36
1990.17,15.36
1990.25,15.36
1990.33,15.36
1990.42,15.36
1990.50,14.55
1990.58,14.55
1990.67,14.55
1990.75,14.55
1990.83,14.55
1990.92,14.55
1991.00,13.73
1991.08,13.73
1991.17,13.73
1991.25,13.73
1991.33,13.73
1991.42,13.73
1991.50,13.24
1991.58,13.24
1991.67,13.24
1991.75,13.24
1991.83,13.24
1991.92,13.24
1992.00,12.75
1992.08,12.75
1992.17,12.75
1992.25,12.75
1992.33,12.75
1992.42,12.75
1992.50,13.19
1992.58,13.19
1992.67,13.19
1992.75,13.19
1992.83,13.19
1992.92,13.19
1993.00,13.63
1993.08,13.63
1993.17,13.63
1993.25,13.63
1993.33,13.63
1993.42,13.63
1993.50,13.57
1993.58,13.57
1993.67,13.57
1993.75,13.57
1993.83,13.57
1993.92,13.57
1994.00,13.51
1994.08,13.51
1994.17,13.51
1994.25,13.51
1994.33,13.51
1994.42,13.51
1994.50,13.59
1994.58,13.59
1994.67,13.59
1994.75,13.59
1994.83,13.59
1994.92,13.59
1995.00,13.68
1995.08,13.68
1995.17,13.68
1995.25,13.68
1995.33,13.68
1995.42,13.68
1995.50,15.45
1995.58,15.45
1995.67,15.45
1995.75,15.45
1995.83,15.45
1995.92,15.45
1996.00,17.22
1996.08,17.22
1996.17,17.22
1996.25,17.22
1996.33,17.22
1996.42,17.22
1996.50,15.75
1996.58,15.75
1996.67,15.75
1996.75,15.75
1996.83,15.75
1996.92,15.75
1997.00,14.28
1997.08,14.28
1997.17,14.28
1997.25,14.28
1997.33,14.28
1997.42,14.28
1997.50,13.58
1997.58,13.58
1997.67,13.58
1997.75,13.58
1997.83,13.58
1997.92,13.58
1998.00,12.88
1998.08,12.88
1998.17,12.88
1998.25,12.88
1998.33,12.88
1998.42,12.88
1998.50,13.52
1998.58,13.52
1998.67,13.52
1998.75,13.52
1998.83,13.52
1998.92,13.52
1999.00,14.16
1999.08,14.16
1999.17,14.16
1999.25,14.16
1999.33,14.16
1999.42,14.16
1999.50,15.48
1999.58,15.48
1999.67,15.48
1999.75,15.48
1999.83,15.48
1999.92,15.48
2000.00,15.00
2000.08,15.00
2000.17,15.00
2000.25,15.00
2000.33,15.00
2000.42,15.00
2000.50,15.00
2000.58,15.00
2000.67,15.00
2000.75,15.00
2000.83,15.00
2000.92,15.00
2001.00,15.00
2001.08,15.00
2001.17,15.00
2001.25,15.00
2001.33,15.00
2001.42,15.00
2001.50,15.00
2001.58,15.00
2001.67,15.00
2001.75,15.00
2001.83,15.00
2001.92,15.00
2002.00,15.00
2002.08,15.00
2002.17,15.00
2002.25,15.00
2002.33,15.00
2002.42,15.00
2002.50,15.00
2002.58,15.00
2002.67,15.00
2002.75,15.00
2002.83,15.00
2002.92,15.00
2003.00,15.00
2003.08,15.00
2003.17,15.00
2003.25,15.00
2003.33,15.00
2003.42,15.00
2003.50,15.00
2003.58,15.00
2003.67,15.00
2003.75,15.00
2003.83,15.00
2003.92,15.00
2004.00,15.00
2004.08,15.00
2004.17,15.00
2004.25,15.00
2004.33,15.00
2004.42,15.00
2004.50,15.00
2004.58,15.00
2004.67,15.00
2004.75,15.00
2004.83,15.00
2004.92,15.00
2005.00,15.00
2005.08,15.00
2005.17,15.00
2005.25,15.00
2005.33,15.00
2005.42,15.00
2005.50,15.00
2005.58,15.00
2005.67,15.00
2005.75,15.00
2005.83,15.00
2005.92,15.00
2006.00,15.00
2006.08,15.00
2006.17,15.00
2006.25,15.00
2006.33,15.00
2006.42,15.00
2006.50,15.00
2006.58,15.00
2006.67,15.00
2006.75,15.00
2006.83,15.00
2006.92,15.00
2007.00,15.00
2007.08,15.00
2007.17,15.00
2007.25,15.00
2007.33,15.00
2007.42,15.00
2007.50,15.00
2007.58,15.00
2007.67,15.00
2007.75,15.00
2007.83,15.00
2007.92,15.00
2008.00,15.00
2008.08,15.00
2008.17,15.00
2008.25,15.00
2008.33,15.00
2008.42,15.00
2008.50,15.00
2008.58,15.00
2008.67,15.00
2008.75,15.00
2008.83,15.00
2008.92,15.00
2009.00,15.00
2009.08,15.00
2009.17,15.00
2009.25,15.00
2009.33,15.00
2009.42,15.00
2009.50,15.00
2009.58,15.00
2009.67,15.00
2009.75,15.00
2009.83,15.00
2009.92,15.00
2010.00,15.00
2010.08,15.00
2010.17,15.00
2010.25,15.00
2010.33,15.00
2010.42,15.00
2010.50,15.00
2010.58,15.00
2010.67,15.00
2010.75,15.00
2010.83,15.00
2010.92,15.00
2011.00,15.00
2011.08,15.00
2011.17,15.00
2011.25,15.00
2011.33,15.00
2011.42,15.00
2011.50,15.00
2011.58,15.00
2011.67,15.00
2011.75,15.00
2011.83,15.00
2011.92,15.00
2012.00,15.00
2012.08,15.00
2012.17,15.00
2012.25,15.00
2012.33,15.00
2012.42,15.00
2012.50,15.00
2012.58,15.00
2012.67,15.00
2012.75,15.00
2012.83,15.00
2012.92,15.00
2013.00,15.00
2013.08,15.00
2013.17,15.00
2013.25,15.00
2013.33,15.00
2013.42,15.00
2013.50,15.00
2013.58,15.00
2013.67,15.00
2013.75,15.00
2013.83,15.00
2013.92,15.00
2014.00,15.00
2014.08,15.00
2014.17,15.00
2014.25,15.00
2014.33,15.00
2014.42,15.00
2014.50,15.00
2014.58,15.00
2014.67,15.00
2014.75,15.00
2014.83,15.00
2014.92,15.00
2015.00,15.00
2015.08,15.00
2015.17,15.00
2015.25,15.00
2015.33,15.00
2015.42,15.00
2015.50,15.00
2015.58,15.00
2015.67,15.00
2015.75,15.00
2015.83,15.00
2015.92,15.00
2016.00,15.00
2016.08,15.00
2016.17,15.00
2016.25,15.00
2016.33,15.00
2016.42,15.00
2016.50,15.00
2016.58,15.00
2016.67,15.00
2016.75,15.00
2016.83,15.00
2016.92,15.00
2017.00,15.00
2017.08,15.00
2017.17,15.00
2017.25,15.00
2017.33,15.00
2017.42,15.00
2017.50,15.00
2017.58,15.00
2017.67,15.00
2017.75,15.00
2017.83,15.00
2017.92,15.00
2018.00,15.00
2018.08,15.00
2018.17,15.00
2018.25,15.00
2018.33,15.00
2018.42,15.00
2018.50,15.00
2018.58,15.00
2018.67,15.00
2018.75,15.00
2018.83,15.00
2018.92,15.00
2019.00,15.00
2019.08,15.00
2019.17,15.00
2019.25,15.00
2019.33,15.00
2019.42,15.00
2019.50,15.00
2019.58,15.00
2019.67,15.00
2019.75,15.00
2019.83,15.00
2019.92,15.00
2020.00,15.00
