//year     ,concentration
1850     ,8.854
1850.08     ,8.854
1850.17     ,8.854
1850.25     ,8.854
1850.33     ,8.854
1850.42     ,8.854
1850.5     ,8.854
1850.58     ,8.854
1850.67     ,8.854
1850.75     ,8.854
1850.83     ,8.854
1850.92     ,8.854
1851     ,8.854
1851.08     ,8.854
1851.17     ,8.854
1851.25     ,8.854
1851.33     ,8.854
1851.42     ,8.854
1851.5     ,8.854
1851.58     ,8.854
1851.67     ,8.854
1851.75     ,8.854
1851.83     ,8.854
1851.92     ,8.854
1852     ,8.854
1852.08     ,8.854
1852.17     ,8.854
1852.25     ,8.854
1852.33     ,8.854
1852.42     ,8.854
1852.5     ,8.854
1852.58     ,8.854
1852.67     ,8.854
1852.75     ,8.854
1852.83     ,8.854
1852.92     ,8.854
1853     ,8.854
1853.08     ,8.854
1853.17     ,8.854
1853.25     ,8.854
1853.33     ,8.854
1853.42     ,8.854
1853.5     ,8.854
1853.58     ,8.854
1853.67     ,8.854
1853.75     ,8.854
1853.83     ,8.854
1853.92     ,8.854
1854     ,8.854
1854.08     ,8.854
1854.17     ,8.854
1854.25     ,8.854
1854.33     ,8.854
1854.42     ,8.854
1854.5     ,8.854
1854.58     ,8.854
1854.67     ,8.854
1854.75     ,8.854
1854.83     ,8.854
1854.92     ,8.854
1855     ,8.854
1855.08     ,8.854
1855.17     ,8.854
1855.25     ,8.854
1855.33     ,8.854
1855.42     ,8.854
1855.5     ,8.854
1855.58     ,8.854
1855.67     ,8.854
1855.75     ,8.854
1855.83     ,8.854
1855.92     ,8.854
1856     ,8.854
1856.08     ,8.854
1856.17     ,8.854
1856.25     ,8.854
1856.33     ,8.854
1856.42     ,8.854
1856.5     ,8.854
1856.58     ,8.854
1856.67     ,8.854
1856.75     ,8.854
1856.83     ,8.854
1856.92     ,8.854
1857     ,8.854
1857.08     ,8.854
1857.17     ,8.854
1857.25     ,8.854
1857.33     ,8.854
1857.42     ,8.854
1857.5     ,8.854
1857.58     ,8.854
1857.67     ,8.854
1857.75     ,8.854
1857.83     ,8.854
1857.92     ,8.854
1858     ,8.854
1858.08     ,8.854
1858.17     ,8.854
1858.25     ,8.854
1858.33     ,8.854
1858.42     ,8.854
1858.5     ,8.854
1858.58     ,8.854
1858.67     ,8.854
1858.75     ,8.854
1858.83     ,8.854
1858.92     ,8.854
1859     ,8.854
1859.08     ,8.854
1859.17     ,8.854
1859.25     ,8.854
1859.33     ,8.854
1859.42     ,8.854
1859.5     ,8.854
1859.58     ,8.854
1859.67     ,8.854
1859.75     ,8.854
1859.83     ,8.854
1859.92     ,8.854
1860     ,8.854
1860.08     ,8.854
1860.17     ,8.854
1860.25     ,8.854
1860.33     ,8.854
1860.42     ,8.854
1860.5     ,8.854
1860.58     ,8.854
1860.67     ,8.854
1860.75     ,8.854
1860.83     ,8.854
1860.92     ,8.854
1861     ,8.854
1861.08     ,8.854
1861.17     ,8.854
1861.25     ,8.854
1861.33     ,8.854
1861.42     ,8.854
1861.5     ,8.854
1861.58     ,8.854
1861.67     ,8.854
1861.75     ,8.854
1861.83     ,8.854
1861.92     ,8.854
1862     ,8.854
1862.08     ,8.854
1862.17     ,8.854
1862.25     ,8.854
1862.33     ,8.854
1862.42     ,8.854
1862.5     ,8.854
1862.58     ,8.854
1862.67     ,8.854
1862.75     ,8.854
1862.83     ,8.854
1862.92     ,8.854
1863     ,8.854
1863.08     ,8.854
1863.17     ,8.854
1863.25     ,8.854
1863.33     ,8.854
1863.42     ,8.854
1863.5     ,8.854
1863.58     ,8.854
1863.67     ,8.854
1863.75     ,8.854
1863.83     ,8.854
1863.92     ,8.854
1864     ,8.854
1864.08     ,8.854
1864.17     ,8.854
1864.25     ,8.854
1864.33     ,8.854
1864.42     ,8.854
1864.5     ,8.854
1864.58     ,8.854
1864.67     ,8.854
1864.75     ,8.854
1864.83     ,8.854
1864.92     ,8.854
1865     ,8.854
1865.08     ,8.854
1865.17     ,8.854
1865.25     ,8.854
1865.33     ,8.854
1865.42     ,8.854
1865.5     ,8.854
1865.58     ,8.854
1865.67     ,8.854
1865.75     ,8.854
1865.83     ,8.854
1865.92     ,8.854
1866     ,8.854
1866.08     ,8.854
1866.17     ,8.854
1866.25     ,8.854
1866.33     ,8.854
1866.42     ,8.854
1866.5     ,8.854
1866.58     ,8.854
1866.67     ,8.854
1866.75     ,8.854
1866.83     ,8.854
1866.92     ,8.854
1867     ,8.854
1867.08     ,8.854
1867.17     ,8.854
1867.25     ,8.854
1867.33     ,8.854
1867.42     ,8.854
1867.5     ,8.854
1867.58     ,8.854
1867.67     ,8.854
1867.75     ,8.854
1867.83     ,8.854
1867.92     ,8.854
1868     ,8.854
1868.08     ,8.854
1868.17     ,8.854
1868.25     ,8.854
1868.33     ,8.854
1868.42     ,8.854
1868.5     ,8.854
1868.58     ,8.854
1868.67     ,8.854
1868.75     ,8.854
1868.83     ,8.854
1868.92     ,8.854
1869     ,8.854
1869.08     ,8.854
1869.17     ,8.854
1869.25     ,8.854
1869.33     ,8.854
1869.42     ,8.854
1869.5     ,8.854
1869.58     ,8.854
1869.67     ,8.854
1869.75     ,8.854
1869.83     ,8.854
1869.92     ,8.854
1870     ,8.854
1870.08     ,8.854
1870.17     ,8.854
1870.25     ,8.854
1870.33     ,8.854
1870.42     ,8.854
1870.5     ,8.854
1870.58     ,8.854
1870.67     ,8.854
1870.75     ,8.854
1870.83     ,8.854
1870.92     ,8.854
1871     ,8.854
1871.08     ,8.854
1871.17     ,8.854
1871.25     ,8.854
1871.33     ,8.854
1871.42     ,8.854
1871.5     ,8.854
1871.58     ,8.854
1871.67     ,8.854
1871.75     ,8.854
1871.83     ,8.854
1871.92     ,8.854
1872     ,8.854
1872.08     ,8.854
1872.17     ,8.854
1872.25     ,8.854
1872.33     ,8.854
1872.42     ,8.854
1872.5     ,8.854
1872.58     ,8.854
1872.67     ,8.854
1872.75     ,8.854
1872.83     ,8.854
1872.92     ,8.854
1873     ,8.854
1873.08     ,8.854
1873.17     ,8.854
1873.25     ,8.854
1873.33     ,8.854
1873.42     ,8.854
1873.5     ,8.854
1873.58     ,8.854
1873.67     ,8.854
1873.75     ,8.854
1873.83     ,8.854
1873.92     ,8.854
1874     ,8.854
1874.08     ,8.854
1874.17     ,8.854
1874.25     ,8.854
1874.33     ,8.854
1874.42     ,8.854
1874.5     ,8.854
1874.58     ,8.854
1874.67     ,8.854
1874.75     ,8.854
1874.83     ,8.854
1874.92     ,8.854
1875     ,8.854
1875.08     ,8.854
1875.17     ,8.854
1875.25     ,8.854
1875.33     ,8.854
1875.42     ,8.854
1875.5     ,8.854
1875.58     ,8.854
1875.67     ,8.854
1875.75     ,8.854
1875.83     ,8.854
1875.92     ,8.854
1876     ,8.854
1876.08     ,8.854
1876.17     ,8.854
1876.25     ,8.854
1876.33     ,8.854
1876.42     ,8.854
1876.5     ,8.854
1876.58     ,8.854
1876.67     ,8.854
1876.75     ,8.854
1876.83     ,8.854
1876.92     ,8.854
1877     ,8.854
1877.08     ,8.854
1877.17     ,8.854
1877.25     ,8.854
1877.33     ,8.854
1877.42     ,8.854
1877.5     ,8.854
1877.58     ,8.854
1877.67     ,8.854
1877.75     ,8.854
1877.83     ,8.854
1877.92     ,8.854
1878     ,8.854
1878.08     ,8.854
1878.17     ,8.854
1878.25     ,8.854
1878.33     ,8.854
1878.42     ,8.854
1878.5     ,8.854
1878.58     ,8.854
1878.67     ,8.854
1878.75     ,8.854
1878.83     ,8.854
1878.92     ,8.854
1879     ,8.854
1879.08     ,8.854
1879.17     ,8.854
1879.25     ,8.854
1879.33     ,8.854
1879.42     ,8.854
1879.5     ,8.854
1879.58     ,8.854
1879.67     ,8.854
1879.75     ,8.854
1879.83     ,8.854
1879.92     ,8.854
1880     ,8.854
1880.08     ,8.854
1880.17     ,8.854
1880.25     ,8.854
1880.33     ,8.854
1880.42     ,8.854
1880.5     ,8.854
1880.58     ,8.854
1880.67     ,8.854
1880.75     ,8.854
1880.83     ,8.854
1880.92     ,8.854
1881     ,8.854
1881.08     ,8.854
1881.17     ,8.854
1881.25     ,8.854
1881.33     ,8.854
1881.42     ,8.854
1881.5     ,8.854
1881.58     ,8.854
1881.67     ,8.854
1881.75     ,8.854
1881.83     ,8.854
1881.92     ,8.854
1882     ,8.854
1882.08     ,8.854
1882.17     ,8.854
1882.25     ,8.854
1882.33     ,8.854
1882.42     ,8.854
1882.5     ,8.854
1882.58     ,8.854
1882.67     ,8.854
1882.75     ,8.854
1882.83     ,8.854
1882.92     ,8.854
1883     ,8.854
1883.08     ,8.854
1883.17     ,8.854
1883.25     ,8.854
1883.33     ,8.854
1883.42     ,8.854
1883.5     ,8.854
1883.58     ,8.854
1883.67     ,8.854
1883.75     ,8.854
1883.83     ,8.854
1883.92     ,8.854
1884     ,8.854
1884.08     ,8.854
1884.17     ,8.854
1884.25     ,8.854
1884.33     ,8.854
1884.42     ,8.854
1884.5     ,8.854
1884.58     ,8.854
1884.67     ,8.854
1884.75     ,8.854
1884.83     ,8.854
1884.92     ,8.854
1885     ,8.854
1885.08     ,8.854
1885.17     ,8.854
1885.25     ,8.854
1885.33     ,8.854
1885.42     ,8.854
1885.5     ,8.854
1885.58     ,8.854
1885.67     ,8.854
1885.75     ,8.854
1885.83     ,8.854
1885.92     ,8.854
1886     ,8.854
1886.08     ,8.854
1886.17     ,8.854
1886.25     ,8.854
1886.33     ,8.854
1886.42     ,8.854
1886.5     ,8.854
1886.58     ,8.854
1886.67     ,8.854
1886.75     ,8.854
1886.83     ,8.854
1886.92     ,8.854
1887     ,8.854
1887.08     ,8.854
1887.17     ,8.854
1887.25     ,8.854
1887.33     ,8.854
1887.42     ,8.854
1887.5     ,8.854
1887.58     ,8.854
1887.67     ,8.854
1887.75     ,8.854
1887.83     ,8.854
1887.92     ,8.854
1888     ,8.854
1888.08     ,8.854
1888.17     ,8.854
1888.25     ,8.854
1888.33     ,8.854
1888.42     ,8.854
1888.5     ,8.854
1888.58     ,8.854
1888.67     ,8.854
1888.75     ,8.854
1888.83     ,8.854
1888.92     ,8.854
1889     ,8.854
1889.08     ,8.854
1889.17     ,8.854
1889.25     ,8.854
1889.33     ,8.854
1889.42     ,8.854
1889.5     ,8.854
1889.58     ,8.854
1889.67     ,8.854
1889.75     ,8.854
1889.83     ,8.854
1889.92     ,8.854
1890     ,8.854
1890.08     ,8.854
1890.17     ,8.854
1890.25     ,8.854
1890.33     ,8.854
1890.42     ,8.854
1890.5     ,8.854
1890.58     ,8.854
1890.67     ,8.854
1890.75     ,8.854
1890.83     ,8.854
1890.92     ,8.854
1891     ,8.854
1891.08     ,8.854
1891.17     ,8.854
1891.25     ,8.854
1891.33     ,8.854
1891.42     ,8.854
1891.5     ,8.854
1891.58     ,8.854
1891.67     ,8.854
1891.75     ,8.854
1891.83     ,8.854
1891.92     ,8.854
1892     ,8.854
1892.08     ,8.854
1892.17     ,8.854
1892.25     ,8.854
1892.33     ,8.854
1892.42     ,8.854
1892.5     ,8.854
1892.58     ,8.854
1892.67     ,8.854
1892.75     ,8.854
1892.83     ,8.854
1892.92     ,8.854
1893     ,8.854
1893.08     ,8.854
1893.17     ,8.854
1893.25     ,8.854
1893.33     ,8.854
1893.42     ,8.854
1893.5     ,8.854
1893.58     ,8.854
1893.67     ,8.854
1893.75     ,8.854
1893.83     ,8.854
1893.92     ,8.854
1894     ,8.854
1894.08     ,8.854
1894.17     ,8.854
1894.25     ,8.854
1894.33     ,8.854
1894.42     ,8.854
1894.5     ,8.854
1894.58     ,8.854
1894.67     ,8.854
1894.75     ,8.854
1894.83     ,8.854
1894.92     ,8.854
1895     ,8.854
1895.08     ,8.854
1895.17     ,8.854
1895.25     ,8.854
1895.33     ,8.854
1895.42     ,8.854
1895.5     ,8.854
1895.58     ,8.854
1895.67     ,8.854
1895.75     ,8.854
1895.83     ,8.854
1895.92     ,8.854
1896     ,8.854
1896.08     ,8.854
1896.17     ,8.854
1896.25     ,8.854
1896.33     ,8.854
1896.42     ,8.854
1896.5     ,8.854
1896.58     ,8.854
1896.67     ,8.854
1896.75     ,8.854
1896.83     ,8.854
1896.92     ,8.854
1897     ,8.854
1897.08     ,8.854
1897.17     ,8.854
1897.25     ,8.854
1897.33     ,8.854
1897.42     ,8.854
1897.5     ,8.854
1897.58     ,8.854
1897.67     ,8.854
1897.75     ,8.854
1897.83     ,8.854
1897.92     ,8.854
1898     ,8.854
1898.08     ,8.854
1898.17     ,8.854
1898.25     ,8.854
1898.33     ,8.854
1898.42     ,8.854
1898.5     ,8.854
1898.58     ,8.854
1898.67     ,8.854
1898.75     ,8.854
1898.83     ,8.854
1898.92     ,8.854
1899     ,8.854
1899.08     ,8.854
1899.17     ,8.854
1899.25     ,8.854
1899.33     ,8.854
1899.42     ,8.854
1899.5     ,8.854
1899.58     ,8.854
1899.67     ,8.854
1899.75     ,8.854
1899.83     ,8.854
1899.92     ,8.854
1900     ,8.854
1900.08     ,8.854
1900.17     ,8.854
1900.25     ,8.854
1900.33     ,8.854
1900.42     ,8.854
1900.5     ,8.854
1900.58     ,8.854
1900.67     ,8.854
1900.75     ,8.854
1900.83     ,8.854
1900.92     ,8.854
1901     ,8.854
1901.08     ,8.854
1901.17     ,8.854
1901.25     ,8.854
1901.33     ,8.854
1901.42     ,8.854
1901.5     ,8.854
1901.58     ,8.854
1901.67     ,8.854
1901.75     ,8.854
1901.83     ,8.854
1901.92     ,8.854
1902     ,8.854
1902.08     ,8.854
1902.17     ,8.854
1902.25     ,8.854
1902.33     ,8.854
1902.42     ,8.854
1902.5     ,8.854
1902.58     ,8.854
1902.67     ,8.854
1902.75     ,8.854
1902.83     ,8.854
1902.92     ,8.854
1903     ,8.854
1903.08     ,8.854
1903.17     ,8.854
1903.25     ,8.854
1903.33     ,8.854
1903.42     ,8.854
1903.5     ,8.854
1903.58     ,8.854
1903.67     ,8.854
1903.75     ,8.854
1903.83     ,8.854
1903.92     ,8.854
1904     ,8.854
1904.08     ,8.854
1904.17     ,8.854
1904.25     ,8.854
1904.33     ,8.854
1904.42     ,8.854
1904.5     ,8.854
1904.58     ,8.854
1904.67     ,8.854
1904.75     ,8.854
1904.83     ,8.854
1904.92     ,8.854
1905     ,8.854
1905.08     ,8.854
1905.17     ,8.854
1905.25     ,8.854
1905.33     ,8.854
1905.42     ,8.854
1905.5     ,8.854
1905.58     ,8.854
1905.67     ,8.854
1905.75     ,8.854
1905.83     ,8.854
1905.92     ,8.854
1906     ,8.854
1906.08     ,8.854
1906.17     ,8.854
1906.25     ,8.854
1906.33     ,8.854
1906.42     ,8.854
1906.5     ,8.854
1906.58     ,8.854
1906.67     ,8.854
1906.75     ,8.854
1906.83     ,8.854
1906.92     ,8.854
1907     ,8.854
1907.08     ,8.854
1907.17     ,8.854
1907.25     ,8.854
1907.33     ,8.854
1907.42     ,8.854
1907.5     ,8.854
1907.58     ,8.854
1907.67     ,8.854
1907.75     ,8.854
1907.83     ,8.854
1907.92     ,8.854
1908     ,8.854
1908.08     ,8.854
1908.17     ,8.854
1908.25     ,8.854
1908.33     ,8.854
1908.42     ,8.854
1908.5     ,8.854
1908.58     ,8.854
1908.67     ,8.854
1908.75     ,8.854
1908.83     ,8.854
1908.92     ,8.854
1909     ,8.854
1909.08     ,8.854
1909.17     ,8.854
1909.25     ,8.854
1909.33     ,8.854
1909.42     ,8.854
1909.5     ,8.854
1909.58     ,8.854
1909.67     ,8.854
1909.75     ,8.854
1909.83     ,8.854
1909.92     ,8.854
1910     ,8.854
1910.08     ,8.854
1910.17     ,8.854
1910.25     ,8.854
1910.33     ,8.854
1910.42     ,8.854
1910.5     ,8.854
1910.58     ,8.854
1910.67     ,8.854
1910.75     ,8.854
1910.83     ,8.854
1910.92     ,8.854
1911     ,8.854
1911.08     ,8.854
1911.17     ,8.854
1911.25     ,8.854
1911.33     ,8.854
1911.42     ,8.854
1911.5     ,8.854
1911.58     ,8.854
1911.67     ,8.854
1911.75     ,8.854
1911.83     ,8.854
1911.92     ,8.854
1912     ,8.854
1912.08     ,8.854
1912.17     ,8.854
1912.25     ,8.854
1912.33     ,8.854
1912.42     ,8.854
1912.5     ,8.854
1912.58     ,8.854
1912.67     ,8.854
1912.75     ,8.854
1912.83     ,8.854
1912.92     ,8.854
1913     ,8.854
1913.08     ,8.854
1913.17     ,8.854
1913.25     ,8.854
1913.33     ,8.854
1913.42     ,8.854
1913.5     ,8.854
1913.58     ,8.854
1913.67     ,8.854
1913.75     ,8.854
1913.83     ,8.854
1913.92     ,8.854
1914     ,8.854
1914.08     ,8.854
1914.17     ,8.854
1914.25     ,8.854
1914.33     ,8.854
1914.42     ,8.854
1914.5     ,8.854
1914.58     ,8.854
1914.67     ,8.854
1914.75     ,8.854
1914.83     ,8.854
1914.92     ,8.854
1915     ,8.854
1915.08     ,8.854
1915.17     ,8.854
1915.25     ,8.854
1915.33     ,8.854
1915.42     ,8.854
1915.5     ,8.854
1915.58     ,8.854
1915.67     ,8.854
1915.75     ,8.854
1915.83     ,8.854
1915.92     ,8.854
1916     ,8.854
1916.08     ,8.854
1916.17     ,8.854
1916.25     ,8.854
1916.33     ,8.854
1916.42     ,8.854
1916.5     ,8.854
1916.58     ,8.854
1916.67     ,8.854
1916.75     ,8.854
1916.83     ,8.854
1916.92     ,8.854
1917     ,8.854
1917.08     ,8.854
1917.17     ,8.854
1917.25     ,8.854
1917.33     ,8.854
1917.42     ,8.854
1917.5     ,8.854
1917.58     ,8.854
1917.67     ,8.854
1917.75     ,8.854
1917.83     ,8.854
1917.92     ,8.854
1918     ,8.854
1918.08     ,8.854
1918.17     ,8.854
1918.25     ,8.854
1918.33     ,8.854
1918.42     ,8.854
1918.5     ,8.854
1918.58     ,8.854
1918.67     ,8.854
1918.75     ,8.854
1918.83     ,8.854
1918.92     ,8.854
1919     ,8.854
1919.08     ,8.854
1919.17     ,8.854
1919.25     ,8.854
1919.33     ,8.854
1919.42     ,8.854
1919.5     ,8.854
1919.58     ,8.854
1919.67     ,8.854
1919.75     ,8.854
1919.83     ,8.854
1919.92     ,8.854
1920     ,8.854
1920.08     ,8.854
1920.17     ,8.854
1920.25     ,8.854
1920.33     ,8.854
1920.42     ,8.854
1920.5     ,8.854
1920.58     ,8.854
1920.67     ,8.854
1920.75     ,8.854
1920.83     ,8.854
1920.92     ,8.854
1921     ,8.854
1921.08     ,8.854
1921.17     ,8.854
1921.25     ,8.854
1921.33     ,8.854
1921.42     ,8.854
1921.5     ,8.854
1921.58     ,8.854
1921.67     ,8.854
1921.75     ,8.854
1921.83     ,8.854
1921.92     ,8.854
1922     ,8.854
1922.08     ,8.854
1922.17     ,8.854
1922.25     ,8.854
1922.33     ,8.854
1922.42     ,8.854
1922.5     ,8.854
1922.58     ,8.854
1922.67     ,8.854
1922.75     ,8.854
1922.83     ,8.854
1922.92     ,8.854
1923     ,8.854
1923.08     ,8.854
1923.17     ,8.854
1923.25     ,8.854
1923.33     ,8.854
1923.42     ,8.854
1923.5     ,8.854
1923.58     ,8.854
1923.67     ,8.854
1923.75     ,8.854
1923.83     ,8.854
1923.92     ,8.854
1924     ,8.854
1924.08     ,8.854
1924.17     ,8.854
1924.25     ,8.854
1924.33     ,8.854
1924.42     ,8.854
1924.5     ,8.854
1924.58     ,8.854
1924.67     ,8.854
1924.75     ,8.854
1924.83     ,8.854
1924.92     ,8.854
1925     ,8.854
1925.08     ,8.854
1925.17     ,8.854
1925.25     ,8.854
1925.33     ,8.854
1925.42     ,8.854
1925.5     ,8.854
1925.58     ,8.854
1925.67     ,8.854
1925.75     ,8.854
1925.83     ,8.854
1925.92     ,8.854
1926     ,8.854
1926.08     ,8.854
1926.17     ,8.854
1926.25     ,8.854
1926.33     ,8.854
1926.42     ,8.854
1926.5     ,8.854
1926.58     ,8.854
1926.67     ,8.854
1926.75     ,8.854
1926.83     ,8.854
1926.92     ,8.854
1927     ,8.854
1927.08     ,8.854
1927.17     ,8.854
1927.25     ,8.854
1927.33     ,8.854
1927.42     ,8.854
1927.5     ,8.854
1927.58     ,8.854
1927.67     ,8.854
1927.75     ,8.854
1927.83     ,8.854
1927.92     ,8.854
1928     ,8.854
1928.08     ,8.854
1928.17     ,8.854
1928.25     ,8.854
1928.33     ,8.854
1928.42     ,8.854
1928.5     ,8.854
1928.58     ,8.854
1928.67     ,8.854
1928.75     ,8.854
1928.83     ,8.854
1928.92     ,8.854
1929     ,8.854
1929.08     ,8.854
1929.17     ,8.854
1929.25     ,8.854
1929.33     ,8.854
1929.42     ,8.854
1929.5     ,8.854
1929.58     ,8.854
1929.67     ,8.854
1929.75     ,8.854
1929.83     ,8.854
1929.92     ,8.854
1930     ,8.854
1930.08     ,8.854
1930.17     ,8.854
1930.25     ,8.854
1930.33     ,8.854
1930.42     ,8.854
1930.5     ,8.854
1930.58     ,8.854
1930.67     ,8.854
1930.75     ,8.854
1930.83     ,8.854
1930.92     ,8.854
1931     ,8.854
1931.08     ,8.854
1931.17     ,8.854
1931.25     ,8.854
1931.33     ,8.854
1931.42     ,8.854
1931.5     ,8.854
1931.58     ,8.854
1931.67     ,8.854
1931.75     ,8.854
1931.83     ,8.854
1931.92     ,8.854
1932     ,8.854
1932.08     ,8.854
1932.17     ,8.854
1932.25     ,8.854
1932.33     ,8.854
1932.42     ,8.854
1932.5     ,8.854
1932.58     ,8.854
1932.67     ,8.854
1932.75     ,8.854
1932.83     ,8.854
1932.92     ,8.854
1933     ,8.854
1933.08     ,8.854
1933.17     ,8.854
1933.25     ,8.854
1933.33     ,8.854
1933.42     ,8.854
1933.5     ,8.854
1933.58     ,8.854
1933.67     ,8.854
1933.75     ,8.854
1933.83     ,8.854
1933.92     ,8.854
1934     ,8.854
1934.08     ,8.854
1934.17     ,8.854
1934.25     ,8.854
1934.33     ,8.854
1934.42     ,8.854
1934.5     ,8.854
1934.58     ,8.854
1934.67     ,8.854
1934.75     ,8.854
1934.83     ,8.854
1934.92     ,8.854
1935     ,8.854
1935.08     ,8.854
1935.17     ,8.854
1935.25     ,8.854
1935.33     ,8.854
1935.42     ,8.854
1935.5     ,8.854
1935.58     ,8.854
1935.67     ,8.854
1935.75     ,8.854
1935.83     ,8.854
1935.92     ,8.854
1936     ,8.854
1936.08     ,8.854
1936.17     ,8.854
1936.25     ,8.854
1936.33     ,8.854
1936.42     ,8.854
1936.5     ,8.854
1936.58     ,8.854
1936.67     ,8.854
1936.75     ,8.854
1936.83     ,8.854
1936.92     ,8.854
1937     ,8.854
1937.08     ,8.854
1937.17     ,8.854
1937.25     ,8.854
1937.33     ,8.854
1937.42     ,8.854
1937.5     ,8.854
1937.58     ,8.854
1937.67     ,8.854
1937.75     ,8.854
1937.83     ,8.854
1937.92     ,8.854
1938     ,8.854
1938.08     ,8.854
1938.17     ,8.854
1938.25     ,8.854
1938.33     ,8.854
1938.42     ,8.854
1938.5     ,8.854
1938.58     ,8.854
1938.67     ,8.854
1938.75     ,8.854
1938.83     ,8.854
1938.92     ,8.854
1939     ,8.854
1939.08     ,8.854
1939.17     ,8.854
1939.25     ,8.854
1939.33     ,8.854
1939.42     ,8.854
1939.5     ,8.854
1939.58     ,8.854
1939.67     ,8.854
1939.75     ,8.854
1939.83     ,8.854
1939.92     ,8.854
1940     ,8.854
1940.08     ,8.854
1940.17     ,8.854
1940.25     ,8.854
1940.33     ,8.854
1940.42     ,8.854
1940.5     ,8.854
1940.58     ,8.854
1940.67     ,8.854
1940.75     ,8.854
1940.83     ,8.854
1940.92     ,8.854
1941     ,8.854
1941.08     ,8.854
1941.17     ,8.854
1941.25     ,8.854
1941.33     ,8.854
1941.42     ,8.854
1941.5     ,8.854
1941.58     ,8.854
1941.67     ,8.854
1941.75     ,8.854
1941.83     ,8.854
1941.92     ,8.854
1942     ,8.854
1942.08     ,8.854
1942.17     ,8.854
1942.25     ,8.854
1942.33     ,8.854
1942.42     ,8.854
1942.5     ,8.854
1942.58     ,8.854
1942.67     ,8.854
1942.75     ,8.854
1942.83     ,8.854
1942.92     ,8.854
1943     ,8.854
1943.08     ,8.854
1943.17     ,8.854
1943.25     ,8.854
1943.33     ,8.854
1943.42     ,8.854
1943.5     ,8.854
1943.58     ,8.854
1943.67     ,8.854
1943.75     ,8.854
1943.83     ,8.854
1943.92     ,8.854
1944     ,8.854
1944.08     ,8.854
1944.17     ,8.854
1944.25     ,8.854
1944.33     ,8.854
1944.42     ,8.854
1944.5     ,8.854
1944.58     ,8.854
1944.67     ,8.854
1944.75     ,8.854
1944.83     ,8.854
1944.92     ,8.854
1945     ,12.61695
1945.08     ,12.61695
1945.17     ,12.61695
1945.25     ,12.61695
1945.33     ,12.61695
1945.42     ,12.61695
1945.5     ,15.09607
1945.58     ,15.09607
1945.67     ,15.09607
1945.75     ,15.09607
1945.83     ,15.09607
1945.92     ,15.09607
1946     ,17.57519
1946.08     ,17.57519
1946.17     ,17.57519
1946.25     ,17.57519
1946.33     ,17.57519
1946.42     ,17.57519
1946.5     ,18.90329
1946.58     ,18.90329
1946.67     ,18.90329
1946.75     ,18.90329
1946.83     ,18.90329
1946.92     ,18.90329
1947     ,20.23139
1947.08     ,20.23139
1947.17     ,20.23139
1947.25     ,20.23139
1947.33     ,20.23139
1947.42     ,20.23139
1947.5     ,19.4788
1947.58     ,19.4788
1947.67     ,19.4788
1947.75     ,19.4788
1947.83     ,19.4788
1947.92     ,19.4788
1948     ,18.77048
1948.08     ,18.77048
1948.17     ,18.77048
1948.25     ,18.77048
1948.33     ,18.77048
1948.42     ,18.77048
1948.5     ,17.79654
1948.58     ,17.79654
1948.67     ,17.79654
1948.75     ,17.79654
1948.83     ,17.79654
1948.92     ,17.79654
1949     ,16.77833
1949.08     ,16.77833
1949.17     ,16.77833
1949.25     ,16.77833
1949.33     ,16.77833
1949.42     ,16.77833
1949.5     ,18.85902
1949.58     ,18.85902
1949.67     ,18.85902
1949.75     ,18.85902
1949.83     ,18.85902
1949.92     ,18.85902
1950     ,20.98398
1950.08     ,20.98398
1950.17     ,20.98398
1950.25     ,20.98398
1950.33     ,20.98398
1950.42     ,20.98398
1950.5     ,22.5777
1950.58     ,22.5777
1950.67     ,22.5777
1950.75     ,22.5777
1950.83     ,22.5777
1950.92     ,22.5777
1951     ,24.17142
1951.08     ,24.17142
1951.17     ,24.17142
1951.25     ,24.17142
1951.33     ,24.17142
1951.42     ,24.17142
1951.5     ,24.87974
1951.58     ,24.87974
1951.67     ,24.87974
1951.75     ,24.87974
1951.83     ,24.87974
1951.92     ,24.87974
1952     ,25.58806
1952.08     ,25.58806
1952.17     ,25.58806
1952.25     ,25.58806
1952.33     ,25.58806
1952.42     ,25.58806
1952.5     ,25.80941
1952.58     ,25.80941
1952.67     ,25.80941
1952.75     ,25.80941
1952.83     ,25.80941
1952.92     ,25.80941
1953     ,26.03076
1953.08     ,26.03076
1953.17     ,26.03076
1953.25     ,26.03076
1953.33     ,26.03076
1953.42     ,26.03076
1953.5     ,27.53594
1953.58     ,27.53594
1953.67     ,27.53594
1953.75     ,27.53594
1953.83     ,27.53594
1953.92     ,27.53594
1954     ,28.99685
1954.08     ,28.99685
1954.17     ,28.99685
1954.25     ,28.99685
1954.33     ,28.99685
1954.42     ,28.99685
1954.5     ,31.52024
1954.58     ,31.52024
1954.67     ,31.52024
1954.75     ,31.52024
1954.83     ,31.52024
1954.92     ,31.52024
1955     ,34.04363
1955.08     ,34.04363
1955.17     ,34.04363
1955.25     ,34.04363
1955.33     ,34.04363
1955.42     ,34.04363
1955.5     ,35.416
1955.58     ,35.416
1955.67     ,35.416
1955.75     ,35.416
1955.83     ,35.416
1955.92     ,35.416
1956     ,36.83264
1956.08     ,36.83264
1956.17     ,36.83264
1956.25     ,36.83264
1956.33     ,36.83264
1956.42     ,36.83264
1956.5     ,38.24928
1956.58     ,38.24928
1956.67     ,38.24928
1956.75     ,38.24928
1956.83     ,38.24928
1956.92     ,38.24928
1957     ,39.66592
1957.08     ,39.66592
1957.17     ,39.66592
1957.25     ,39.66592
1957.33     ,39.66592
1957.42     ,39.66592
1957.5     ,40.10862
1957.58     ,40.10862
1957.67     ,40.10862
1957.75     ,40.10862
1957.83     ,40.10862
1957.92     ,40.10862
1958     ,40.59559
1958.08     ,40.59559
1958.17     ,40.59559
1958.25     ,40.59559
1958.33     ,40.59559
1958.42     ,40.59559
1958.5     ,42.54347
1958.58     ,42.54347
1958.67     ,42.54347
1958.75     ,42.54347
1958.83     ,42.54347
1958.92     ,42.54347
1959     ,44.53562
1959.08     ,44.53562
1959.17     ,44.53562
1959.25     ,44.53562
1959.33     ,44.53562
1959.42     ,44.53562
1959.5     ,44.35854
1959.58     ,44.35854
1959.67     ,44.35854
1959.75     ,44.35854
1959.83     ,44.35854
1959.92     ,44.35854
1960     ,44.18146
1960.08     ,44.18146
1960.17     ,44.18146
1960.25     ,44.18146
1960.33     ,44.18146
1960.42     ,44.18146
1960.5     ,44.97832
1960.58     ,44.97832
1960.67     ,44.97832
1960.75     ,44.97832
1960.83     ,44.97832
1960.92     ,44.97832
1961     ,45.81945
1961.08     ,45.81945
1961.17     ,45.81945
1961.25     ,45.81945
1961.33     ,45.81945
1961.42     ,45.81945
1961.5     ,46.0408
1961.58     ,46.0408
1961.67     ,46.0408
1961.75     ,46.0408
1961.83     ,46.0408
1961.92     ,46.0408
1962     ,46.21788
1962.08     ,46.21788
1962.17     ,46.21788
1962.25     ,46.21788
1962.33     ,46.21788
1962.42     ,46.21788
1962.5     ,47.76733
1962.58     ,47.76733
1962.67     ,47.76733
1962.75     ,47.76733
1962.83     ,47.76733
1962.92     ,47.76733
1963     ,49.27251
1963.08     ,49.27251
1963.17     ,49.27251
1963.25     ,49.27251
1963.33     ,49.27251
1963.42     ,49.27251
1963.5     ,51.3532
1963.58     ,51.3532
1963.67     ,51.3532
1963.75     ,51.3532
1963.83     ,51.3532
1963.92     ,51.3532
1964     ,53.38962
1964.08     ,53.38962
1964.17     ,53.38962
1964.25     ,53.38962
1964.33     ,53.38962
1964.42     ,53.38962
1964.5     ,54.09794
1964.58     ,54.09794
1964.67     ,54.09794
1964.75     ,54.09794
1964.83     ,54.09794
1964.92     ,54.09794
1965     ,54.80626
1965.08     ,54.80626
1965.17     ,54.80626
1965.25     ,54.80626
1965.33     ,54.80626
1965.42     ,54.80626
1965.5     ,54.23075
1965.58     ,54.23075
1965.67     ,54.23075
1965.75     ,54.23075
1965.83     ,54.23075
1965.92     ,54.23075
1966     ,53.65524
1966.08     ,53.65524
1966.17     ,53.65524
1966.25     ,53.65524
1966.33     ,53.65524
1966.42     ,53.65524
1966.5     ,55.07188
1966.58     ,55.07188
1966.67     ,55.07188
1966.75     ,55.07188
1966.83     ,55.07188
1966.92     ,55.07188
1967     ,56.44425
1967.08     ,56.44425
1967.17     ,56.44425
1967.25     ,56.44425
1967.33     ,56.44425
1967.42     ,56.44425
1967.5     ,57.32965
1967.58     ,57.32965
1967.67     ,57.32965
1967.75     ,57.32965
1967.83     ,57.32965
1967.92     ,57.32965
1968     ,58.21505
1968.08     ,58.21505
1968.17     ,58.21505
1968.25     ,58.21505
1968.33     ,58.21505
1968.42     ,58.21505
1968.5     ,56.13436
1968.58     ,56.13436
1968.67     ,56.13436
1968.75     ,56.13436
1968.83     ,56.13436
1968.92     ,56.13436
1969     ,54.05367
1969.08     ,54.05367
1969.17     ,54.05367
1969.25     ,54.05367
1969.33     ,54.05367
1969.42     ,54.05367
1969.5     ,55.29323
1969.58     ,55.29323
1969.67     ,55.29323
1969.75     ,55.29323
1969.83     ,55.29323
1969.92     ,55.29323
1970     ,56.53279
1970.08     ,56.53279
1970.17     ,56.53279
1970.25     ,56.53279
1970.33     ,56.53279
1970.42     ,56.53279
1970.5     ,56.2229
1970.58     ,56.2229
1970.67     ,56.2229
1970.75     ,56.2229
1970.83     ,56.2229
1970.92     ,56.2229
1971     ,55.86874
1971.08     ,55.86874
1971.17     ,55.86874
1971.25     ,55.86874
1971.33     ,55.86874
1971.42     ,55.86874
1971.5     ,58.17078
1971.58     ,58.17078
1971.67     ,58.17078
1971.75     ,58.17078
1971.83     ,58.17078
1971.92     ,58.17078
1972     ,60.42855
1972.08     ,60.42855
1972.17     ,60.42855
1972.25     ,60.42855
1972.33     ,60.42855
1972.42     ,60.42855
1972.5     ,60.60563
1972.58     ,60.60563
1972.67     ,60.60563
1972.75     ,60.60563
1972.83     ,60.60563
1972.92     ,60.60563
1973     ,60.78271
1973.08     ,60.78271
1973.17     ,60.78271
1973.25     ,60.78271
1973.33     ,60.78271
1973.42     ,60.78271
1973.5     ,64.14723
1973.58     ,64.14723
1973.67     ,64.14723
1973.75     ,64.14723
1973.83     ,64.14723
1973.92     ,64.14723
1974     ,67.46748
1974.08     ,67.46748
1974.17     ,67.46748
1974.25     ,67.46748
1974.33     ,67.46748
1974.42     ,67.46748
1974.5     ,68.57423
1974.58     ,68.57423
1974.67     ,68.57423
1974.75     ,68.57423
1974.83     ,68.57423
1974.92     ,68.57423
1975     ,69.68098
1975.08     ,69.68098
1975.17     ,69.68098
1975.25     ,69.68098
1975.33     ,69.68098
1975.42     ,69.68098
1975.5     ,70.56638
1975.58     ,70.56638
1975.67     ,70.56638
1975.75     ,70.56638
1975.83     ,70.56638
1975.92     ,70.56638
1976     ,71.45178
1976.08     ,71.45178
1976.17     ,71.45178
1976.25     ,71.45178
1976.33     ,71.45178
1976.42     ,71.45178
1976.5     ,68.35288
1976.58     ,68.35288
1976.67     ,68.35288
1976.75     ,68.35288
1976.83     ,68.35288
1976.92     ,68.35288
1977     ,65.20971
1977.08     ,65.20971
1977.17     ,65.20971
1977.25     ,65.20971
1977.33     ,65.20971
1977.42     ,65.20971
1977.5     ,62.28789
1977.58     ,62.28789
1977.67     ,62.28789
1977.75     ,62.28789
1977.83     ,62.28789
1977.92     ,62.28789
1978     ,59.36607
1978.08     ,59.36607
1978.17     ,59.36607
1978.25     ,59.36607
1978.33     ,59.36607
1978.42     ,59.36607
1978.5     ,60.34001
1978.58     ,60.34001
1978.67     ,60.34001
1978.75     ,60.34001
1978.83     ,60.34001
1978.92     ,60.34001
1979     ,61.31395
1979.08     ,61.31395
1979.17     ,61.31395
1979.25     ,61.31395
1979.33     ,61.31395
1979.42     ,61.31395
1979.5     ,63.17329
1979.58     ,63.17329
1979.67     ,63.17329
1979.75     ,63.17329
1979.83     ,63.17329
1979.92     ,63.17329
1980     ,65.03263
1980.08     ,65.03263
1980.17     ,65.03263
1980.25     ,65.03263
1980.33     ,65.03263
1980.42     ,65.03263
1980.5     ,66.44927
1980.58     ,66.44927
1980.67     ,66.44927
1980.75     ,66.44927
1980.83     ,66.44927
1980.92     ,66.44927
1981     ,67.86591
1981.08     ,67.86591
1981.17     ,67.86591
1981.25     ,67.86591
1981.33     ,67.86591
1981.42     ,67.86591
1981.5     ,64.45712
1981.58     ,64.45712
1981.67     ,64.45712
1981.75     ,64.45712
1981.83     ,64.45712
1981.92     ,64.45712
1982     ,61.04833
1982.08     ,61.04833
1982.17     ,61.04833
1982.25     ,61.04833
1982.33     ,61.04833
1982.42     ,61.04833
1982.5     ,58.74629
1982.58     ,58.74629
1982.67     ,58.74629
1982.75     ,58.74629
1982.83     ,58.74629
1982.92     ,58.74629
1983     ,56.44425
1983.08     ,56.44425
1983.17     ,56.44425
1983.25     ,56.44425
1983.33     ,56.44425
1983.42     ,56.44425
1983.5     ,62.24362
1983.58     ,62.24362
1983.67     ,62.24362
1983.75     ,62.24362
1983.83     ,62.24362
1983.92     ,62.24362
1984     ,68.04299
1984.08     ,68.04299
1984.17     ,68.04299
1984.25     ,68.04299
1984.33     ,68.04299
1984.42     ,68.04299
1984.5     ,66.58208
1984.58     ,66.58208
1984.67     ,66.58208
1984.75     ,66.58208
1984.83     ,66.58208
1984.92     ,66.58208
1985     ,65.16544
1985.08     ,65.16544
1985.17     ,65.16544
1985.25     ,65.16544
1985.33     ,65.16544
1985.42     ,65.16544
1985.5     ,66.80343
1985.58     ,66.80343
1985.67     ,66.80343
1985.75     ,66.80343
1985.83     ,66.80343
1985.92     ,66.80343
1986     ,68.44142
1986.08     ,68.44142
1986.17     ,68.44142
1986.25     ,68.44142
1986.33     ,68.44142
1986.42     ,68.44142
1986.5     ,68.48569
1986.58     ,68.48569
1986.67     ,68.48569
1986.75     ,68.48569
1986.83     ,68.48569
1986.92     ,68.48569
1987     ,68.57423
1987.08     ,68.57423
1987.17     ,68.57423
1987.25     ,68.57423
1987.33     ,68.57423
1987.42     ,68.57423
1987.5     ,68.97266
1987.58     ,68.97266
1987.67     ,68.97266
1987.75     ,68.97266
1987.83     ,68.97266
1987.92     ,68.97266
1988     ,69.37109
1988.08     ,69.37109
1988.17     ,69.37109
1988.25     ,69.37109
1988.33     ,69.37109
1988.42     ,69.37109
1988.5     ,68.48569
1988.58     ,68.48569
1988.67     ,68.48569
1988.75     ,68.48569
1988.83     ,68.48569
1988.92     ,68.48569
1989     ,67.64456
1989.08     ,67.64456
1989.17     ,67.64456
1989.25     ,67.64456
1989.33     ,67.64456
1989.42     ,67.64456
1989.5     ,67.82164
1989.58     ,67.82164
1989.67     ,67.82164
1989.75     ,67.82164
1989.83     ,67.82164
1989.92     ,67.82164
1990     ,67.99872
1990.08     ,67.99872
1990.17     ,67.99872
1990.25     ,67.99872
1990.33     ,67.99872
1990.42     ,67.99872
1990.5     ,64.41285
1990.58     ,64.41285
1990.67     ,64.41285
1990.75     ,64.41285
1990.83     ,64.41285
1990.92     ,64.41285
1991     ,60.78271
1991.08     ,60.78271
1991.17     ,60.78271
1991.25     ,60.78271
1991.33     ,60.78271
1991.42     ,60.78271
1991.5     ,58.61348
1991.58     ,58.61348
1991.67     ,58.61348
1991.75     ,58.61348
1991.83     ,58.61348
1991.92     ,58.61348
1992     ,56.44425
1992.08     ,56.44425
1992.17     ,56.44425
1992.25     ,56.44425
1992.33     ,56.44425
1992.42     ,56.44425
1992.5     ,58.39213
1992.58     ,58.39213
1992.67     ,58.39213
1992.75     ,58.39213
1992.83     ,58.39213
1992.92     ,58.39213
1993     ,60.34001
1993.08     ,60.34001
1993.17     ,60.34001
1993.25     ,60.34001
1993.33     ,60.34001
1993.42     ,60.34001
1993.5     ,60.07439
1993.58     ,60.07439
1993.67     ,60.07439
1993.75     ,60.07439
1993.83     ,60.07439
1993.92     ,60.07439
1994     ,59.80877
1994.08     ,59.80877
1994.17     ,59.80877
1994.25     ,59.80877
1994.33     ,59.80877
1994.42     ,59.80877
1994.5     ,60.16293
1994.58     ,60.16293
1994.67     ,60.16293
1994.75     ,60.16293
1994.83     ,60.16293
1994.92     ,60.16293
1995     ,60.56136
1995.08     ,60.56136
1995.17     ,60.56136
1995.25     ,60.56136
1995.33     ,60.56136
1995.42     ,60.56136
1995.5     ,68.39715
1995.58     ,68.39715
1995.67     ,68.39715
1995.75     ,68.39715
1995.83     ,68.39715
1995.92     ,68.39715
1996     ,76.23294
1996.08     ,76.23294
1996.17     ,76.23294
1996.25     ,76.23294
1996.33     ,76.23294
1996.42     ,76.23294
1996.5     ,69.72525
1996.58     ,69.72525
1996.67     ,69.72525
1996.75     ,69.72525
1996.83     ,69.72525
1996.92     ,69.72525
1997     ,63.21756
1997.08     ,63.21756
1997.17     ,63.21756
1997.25     ,63.21756
1997.33     ,63.21756
1997.42     ,63.21756
1997.5     ,60.11866
1997.58     ,60.11866
1997.67     ,60.11866
1997.75     ,60.11866
1997.83     ,60.11866
1997.92     ,60.11866
1998     ,57.01976
1998.08     ,57.01976
1998.17     ,57.01976
1998.25     ,57.01976
1998.33     ,57.01976
1998.42     ,57.01976
1998.5     ,59.85304
1998.58     ,59.85304
1998.67     ,59.85304
1998.75     ,59.85304
1998.83     ,59.85304
1998.92     ,59.85304
1999     ,62.68632
1999.08     ,62.68632
1999.17     ,62.68632
1999.25     ,62.68632
1999.33     ,62.68632
1999.42     ,62.68632
1999.5     ,68.52996
1999.58     ,68.52996
1999.67     ,68.52996
1999.75     ,68.52996
1999.83     ,68.52996
1999.92     ,68.52996
2000     ,66.405
2000.08     ,66.405
2000.17     ,66.405
2000.25     ,66.405
2000.33     ,66.405
2000.42     ,66.405
2000.5     ,66.405
2000.58     ,66.405
2000.67     ,66.405
2000.75     ,66.405
2000.83     ,66.405
2000.92     ,66.405
2001     ,66.405
2001.08     ,66.405
2001.17     ,66.405
2001.25     ,66.405
2001.33     ,66.405
2001.42     ,66.405
2001.5     ,66.405
2001.58     ,66.405
2001.67     ,66.405
2001.75     ,66.405
2001.83     ,66.405
2001.92     ,66.405
2002     ,66.405
2002.08     ,66.405
2002.17     ,66.405
2002.25     ,66.405
2002.33     ,66.405
2002.42     ,66.405
2002.5     ,66.405
2002.58     ,66.405
2002.67     ,66.405
2002.75     ,66.405
2002.83     ,66.405
2002.92     ,66.405
2003     ,66.405
2003.08     ,66.405
2003.17     ,66.405
2003.25     ,66.405
2003.33     ,66.405
2003.42     ,66.405
2003.5     ,66.405
2003.58     ,66.405
2003.67     ,66.405
2003.75     ,66.405
2003.83     ,66.405
2003.92     ,66.405
2004     ,66.405
2004.08     ,66.405
2004.17     ,66.405
2004.25     ,66.405
2004.33     ,66.405
2004.42     ,66.405
2004.5     ,66.405
2004.58     ,66.405
2004.67     ,66.405
2004.75     ,66.405
2004.83     ,66.405
2004.92     ,66.405
2005     ,66.405
2005.08     ,66.405
2005.17     ,66.405
2005.25     ,66.405
2005.33     ,66.405
2005.42     ,66.405
2005.5     ,66.405
2005.58     ,66.405
2005.67     ,66.405
2005.75     ,66.405
2005.83     ,66.405
2005.92     ,66.405
2006     ,66.405
2006.08     ,66.405
2006.17     ,66.405
2006.25     ,66.405
2006.33     ,66.405
2006.42     ,66.405
2006.5     ,66.405
2006.58     ,66.405
2006.67     ,66.405
2006.75     ,66.405
2006.83     ,66.405
2006.92     ,66.405
2007     ,66.405
2007.08     ,66.405
2007.17     ,66.405
2007.25     ,66.405
2007.33     ,66.405
2007.42     ,66.405
2007.5     ,66.405
2007.58     ,66.405
2007.67     ,66.405
2007.75     ,66.405
2007.83     ,66.405
2007.92     ,66.405
2008     ,66.405
2008.08     ,66.405
2008.17     ,66.405
2008.25     ,66.405
2008.33     ,66.405
2008.42     ,66.405
2008.5     ,66.405
2008.58     ,66.405
2008.67     ,66.405
2008.75     ,66.405
2008.83     ,66.405
2008.92     ,66.405
2009     ,66.405
2009.08     ,66.405
2009.17     ,66.405
2009.25     ,66.405
2009.33     ,66.405
2009.42     ,66.405
2009.5     ,66.405
2009.58     ,66.405
2009.67     ,66.405
2009.75     ,66.405
2009.83     ,66.405
2009.92     ,66.405
2010     ,66.405
2010.08     ,66.405
2010.17     ,66.405
2010.25     ,66.405
2010.33     ,66.405
2010.42     ,66.405
2010.5     ,66.405
2010.58     ,66.405
2010.67     ,66.405
2010.75     ,66.405
2010.83     ,66.405
2010.92     ,66.405
2011     ,66.405
2011.08     ,66.405
2011.17     ,66.405
2011.25     ,66.405
2011.33     ,66.405
2011.42     ,66.405
2011.5     ,66.405
2011.58     ,66.405
2011.67     ,66.405
2011.75     ,66.405
2011.83     ,66.405
2011.92     ,66.405
2012     ,66.405
2012.08     ,66.405
2012.17     ,66.405
2012.25     ,66.405
2012.33     ,66.405
2012.42     ,66.405
2012.5     ,66.405
2012.58     ,66.405
2012.67     ,66.405
2012.75     ,66.405
2012.83     ,66.405
2012.92     ,66.405
2013     ,66.405
2013.08     ,66.405
2013.17     ,66.405
2013.25     ,66.405
2013.33     ,66.405
2013.42     ,66.405
2013.5     ,66.405
2013.58     ,66.405
2013.67     ,66.405
2013.75     ,66.405
2013.83     ,66.405
2013.92     ,66.405
2014     ,66.405
2014.08     ,66.405
2014.17     ,66.405
2014.25     ,66.405
2014.33     ,66.405
2014.42     ,66.405
2014.5     ,66.405
2014.58     ,66.405
2014.67     ,66.405
2014.75     ,66.405
2014.83     ,66.405
2014.92     ,66.405
2015     ,66.405
2015.08     ,66.405
2015.17     ,66.405
2015.25     ,66.405
2015.33     ,66.405
2015.42     ,66.405
2015.5     ,66.405
2015.58     ,66.405
2015.67     ,66.405
2015.75     ,66.405
2015.83     ,66.405
2015.92     ,66.405
2016     ,66.405
2016.08     ,66.405
2016.17     ,66.405
2016.25     ,66.405
2016.33     ,66.405
2016.42     ,66.405
2016.5     ,66.405
2016.58     ,66.405
2016.67     ,66.405
2016.75     ,66.405
2016.83     ,66.405
2016.92     ,66.405
2017     ,66.405
2017.08     ,66.405
2017.17     ,66.405
2017.25     ,66.405
2017.33     ,66.405
2017.42     ,66.405
2017.5     ,66.405
2017.58     ,66.405
2017.67     ,66.405
2017.75     ,66.405
2017.83     ,66.405
2017.92     ,66.405
2018     ,66.405
2018.08     ,66.405
2018.17     ,66.405
2018.25     ,66.405
2018.33     ,66.405
2018.42     ,66.405
2018.5     ,66.405
2018.58     ,66.405
2018.67     ,66.405
2018.75     ,66.405
2018.83     ,66.405
2018.92     ,66.405
2019     ,66.405
2019.08     ,66.405
2019.17     ,66.405
2019.25     ,66.405
2019.33     ,66.405
2019.42     ,66.405
2019.5     ,66.405
2019.58     ,66.405
2019.67     ,66.405
2019.75     ,66.405
2019.83     ,66.405
2019.92     ,66.405
2020     ,66.405